7316717653133062491922511967442657474235534919493496983520312774506326239578318016984801869478851843858615
6078911294949545950173795833195285320880551112540698747158523863050715693290963295227443043557668966489504
4524452316173185640309871112172238311362229893423380308135336276614282806444486645238749303589072962904915
6044077239071381051585930796086670172427121883998797908792274921901699720888093776657273330010533678812202
3542180975125454059475224352584907711670556013604839586446706324415722155397536978179778461740649551492908
6256932197846862248283972241375657056057490261407972968652414535100474821663704844031998900088952434506585
4122758866688116427171479924442928230863465674813919123162824586178664583591245665294765456828489128831426
0769004224219022671055626321111109370544217506941658960408071984038509624554443629812309878799272442849091
8884580156166097919133875499200524063689912560717606058861164671094050775410022569831552000559357297257163
6269561882670428252483600823257530420752963450
